750
294
397
722
884 581
758 452
488
905
634 548
864
677
119 583
617 46
759 661
429
283
193
714 643
556
97 482
946 760
136
448
628 458
710 422
502
153 525
48
701 18
320
267
411
994
683 438
467
183 510
879 837
693
777
899
858 26
25
845
911 674
951
998
151 80
552 769
340
669
209
728
606
251
848
484 598
877
861 169
316
445 259
512 774
792
738
82 984
189
782 353
324 8
520
787
658
908
290 310
770 424
575
43
813 982
166
649
262 535
794 137
327 579
94 912
401 434
359 243
546
462
900
299
349
928 385
122
586 471
165 371
948
892 589
19
389
297 199
534 824
451
972
793 470
699 469
929 99
100
991 52
87
601 817
125
797 882
459 872
456
468
834 573
663
826
779
287
240
743
678
483
918 428
78
530
213
559
507
517 248
816 632
179
282
670 105
457
127
302
687
614
734
194
406
217
576
605
96 455
590 967
177
691
602
875
58 84
727
841 382
938
292
219
162 57
732
436
45
491
505
216
745
274
270 138
805 172
807
644
640
739
923
347
440
715 85
120
988 207
322 66
433
477
431
744 603
975
220
182 76
711 437
706
613
622 335
729
404
198 155
466 345
197
339 587
110
215 180
296
442
648
237 375
36 751
853 372
531
170
148
708
265
976
616
696 269
15 101
718
997
31 61
377
275
842
860
420
924
655
893
378
380
639
268
656
3
550
135
515
276
533
408 257
503 59
593
67 134
569
811
421
682
611
651 999
192
514
33
970
493
697 368
121
277
592
942
461 395
191 566
117 600
725
337 250
921
978
230
551
312
20 800
11
254
196
542 383
154
521 321
325
526
164
610
947 27
724
444 449
969
867
336 40
279
224 200
870
123 53
519
439
532
607 735
527 689
212
14
229
904 828
954
538
60
914
880
536
159
558 249
247
665 152
748
24
945 474
671
881 398
21
716 965
2 717
303
481 580
63
485
163 234
775
830
98
786
460
620 930
369
619 410
596
83
139
255
39
141
332
698 572
959
570
289 307
313
898 115
516
737 977
271 563
539
522 695
351
465 350
913
599 636
174
540
876 475
712
315
902 568
968 30
263 957
400
22
541
74
356
836
903 288
986
822
851
214 366
235
638
955
980 501
256 295
803
801 490
896
979 464
839
742
260
479
394 543
789 528
863
910 49
142
181
783 47
348
553 916
244 862
585 781
609 901
832 496
228
719
917
355 750
888
71 765
989
23
730
150 10
802
175 86
625 891
450
865
425
50
504
252 343
932 376
261
647
726 653
331 51
562 144
311
506
887
202
549
453
987
993 684
1
499
342
314
962
328
106
463
362
319
768
147 633
118 68
588
171 808
173 897
657 856
825 513
852
352
626
187
305
529 418
364
963
604
560
393
983
70
767
890
618 885
509
285 523
561
859
780
494 417
278
790
827
869
476 578
992
843
272
886
309
621
630 920
821
435
935
497
326
953 720
346
874
809
766
791
733
79 330
627
798 426
245
597
204 985
77
823
9
28
659 990
473
565
894 624
35
178
210
776
222
854
950
679
966
584
403 37
964
226 156
713
399 168
673 547
849
487 143
233
835 806
186
756
4
784
641
944
557
56
333
241
167
281
357
12 495
567
423
612 414
16
149
746
334
386 919
704
286
402 814
608 795
934 365
595 847
815
958 392
29
690
300
306 537
291 940
472
112
831
818 223
703 454
764
804
883 763
108 218
939
111
38
387
258
405 681
676 206
915 866
943 158
645
7
89
971
812
736
190 686
829
555
157 631
906
75
109
909 857
81
367
838 846
131 740
73
360
34
384 956
284
17
680
42
140
301
128 344
113
90
480
772
95 161
878
700 413
731 571
511 810
723
239
44 545
931
995 264
381
72 0
409 952
594
662 227
447 318
354
478 304
936
492 415
500
116 498
820
323
361
208
317
650
64 941
388 341
205
799
486
373 981
926
850
629
554
221 753
416
412
446
358
130 675
642
132
6 124
672
574
374
184
755
771
667
308
185 188
92
895
762 91
370
211
646
973 129
747
518 788
203
960 796
654
709 419
103
379
396
338 146
582 635
761
41
62
489
238 54
390 949
623
688
752 253
201
652
666 544
707
225
855
757
104 55
974 577
741
785
329
160 685
508
524 126
432 664
833 840
195 246
441
702
407 961
280 236
133 427
107
907
363 871
145
65 266
996 873
591
443 721
32 937
692
13
819
668 93
430
232
705 102
5
114 660
293
273 773
231 868
754
69 637
615 927
925
694
391
564 242
933
298
922
844
176
778
749 88
889
